167
6105
927
931
5550
4310
1256
1566
6153
2711
1589
339
2439
2010
982
6410
559
9197
3462
24
1221
2604
2606
3779
232
9030
4083
1553
1336
8071
957
1460
1488
1066
7156
2650
1835
1086
276
3410
509
4449
4914
1515
3910
890
1699
3946
408
969
98
7823
3621
416
32
5626
1628
7161
5927
568
66
9707
2024
2963
2845
6518
3091
1902
1991
3121
4116
2341
1603
4396
6772
2203
654
4359
4535
4630
1962
1769
4525
1397
1922
4265
241
1509
247
5714
2314
7034
37
1961
1734
605
1950
5154
4650
242
2476
2388
6511
1028
4889
4089
515
5216
4564
4306
69
6136
1775
2448
415
6504
8022
300
6558
271
2350
4924
2923
1881
281
155
2498
3807
611
4129
2855
4611
1174
1589
2122
5809
121
7189
1407
1610
6611
2472
2556
4949
5985
237
378
1363
187
3242
4037
3089
764
2599
569
9154
2630
665
2601
4419
7885
2074
1102
8098
1163
2350
550
1178
3796
1228
4120
5118
2933
3489
2449
544
2855
982
129
2135
2058
2992
9489
113
5815
3575
56
4083
7708
1793
3160
2037
5517
2063
552
2516
386
3641
6380
1434
1301
2465
1980
6919
6037
3723
5525
273
234
7574
1974
5348
3652
384
3413
6415
5386
3010
3537
1938
333
8659
1839
3832
2687
5850
5147
357
849
4190
2107
3683
6568
2176
483
4444
9223
289
6011
3704
34
8628
7020
595
1507
6606
5042
4846
8387
590
2177
466
713
1779
5501
3757
3932
172
935
8529
3881
2280
4751
2942
2125
1906
4745
3787
4237
468
6416
1629
4930
1552
2439
7549
4360
839
3603
1574
5778
513
6852
1526
675
7887
3302
6461
6211
882
4407
503
4317
4489
5
7297
3299
3690
2594
1560
4106
5530
1897
6219
895
2554
789
5534
4828
3949
4559
4342
2507
5914
2223
1297
5459
1641
1424
4242
6007
2400
179
6548
950
831
595
8583
2285
1573
1285
1102
159
491
27
6444
8726
348
1059
8712
7720
209
6198
312
1472
6311
3370
4572
8977
797
4854
3258
5779
4052
9
7976
960
1914
4334
1578
188
5896
2419
597
1306
5318
1373
7027
2307
5084
1289
613
2665
3342
254
9435
7353
1519
4505
1891
1451
1615
1375
81
3016
2968
6596
2294
1421
3719
3384
1889
3290
2521
4051
4227
4199
4097
4239
1631
4988
2735
4540
186
6859
1010
3736
689
221
344
4210
2988
2739
3140
1229
4048
4920
4691
1671
2520
2683
2845
61
1493
343
3141
27
6183
2647
5357
249
5534
2699
803
4759
2088
2475
1621
1506
141
4145
4132
965
1193
3227
1650
6029
695
334
4874
7479
2296
4657
1687
576
4558
468
867
7521
975
3789
363
816
3043
3798
4300
639
2696
3287
6017
1494
1438
6458
1459
8140
1449
4787
1646
7383
1884
981
5714
4506
1451
3952
2330
683
6947
4776
1968
3877
347
5160
3940
1519
1123
1482
2225
3953
2559
237
8071
24
2405
4460
1656
6896
165
2990
3984
240
2927
4318
5065
1866
2233
1309
3082
1817
158
1185
5235
357
8937
4900
1445
3636
5047
1749
6795
308
6388
3660
1875
1289
3293
2557
1496
6204
627
3184
1911
6421
2530
1262
2511
9510
227
3274
4546
5954
2550
3139
2127
923
916
2378
708
1499
6094
5478
1330
5161
754
1683
4363
313
3275
2314
4349
4579
753
7410
300
117
743
1333
4305
4504
2821
7353
1408
2121
4261
3465
6316
727
2509
1103
7366
3588
2079
416
4415
3982
5787
1149
4752
84
2970
3621
4796
5903
2867
481
9265
3069
4148
196
213
2852
6630
326
8623
3996
772
2278
803
1411
4273
79
3174
2221
5156
3225
1086
874
5945
1117
6085
821
7574
2256
7343
1638
12
3912
1207
579
6886
327
5178
1854
4156
5823
1182
1099
3425
2395
1544
7570
979
8152
1810
4485
2042
5109
4072
902
4464
4653
3366
4980
4067
1439
2506
761
9011
499
518
4104
2956
5857
3640
5500
110
3704
773
2287
4797
293
1713
1019
7861
887
1586
1116
7657
2064
2050
3826
2514
98
4798
7723
2229
3552
5129
5722
1260
2832
2523
1696
1074
5133
3296
1523
2775
504
1685
851
4038
897
996
365
3816
5825
351
903
3951
8701
34